0	5
19.444444444444446 41.66666666666667 10.16949152542373 4.166666666666667 0.0 25
16.666666666666682 41.66666666666667 6.779661016949151 4.166666666666667 0.0 1
13.88888888888889 41.66666666666667 6.779661016949151 8.333333333333334 0.0 45
13.88888888888889 41.66666666666667 6.779661016949151 0.0 0.0 12
22.222222222222218 54.16666666666666 11.864406779661016 16.666666666666668 0.0 23
1	5
2.7777777777777923 50.00000000000001 5.084745762711865 4.166666666666667 0.0 42
2.7777777777777923 37.49999999999999 6.779661016949151 4.166666666666667 0.0 8
5.555555555555561 12.499999999999993 5.084745762711865 8.333333333333334 0.0 41
0.0 41.66666666666667 1.6949152542372896 0.0 0.0 13
2.7777777777777923 41.66666666666667 5.084745762711865 4.166666666666667 0.0 38
2	40
22.222222222222218 74.99999999999999 8.47457627118644 8.333333333333334 0.0 19
30.55555555555557 70.83333333333334 8.47457627118644 4.166666666666667 0.0 10
19.444444444444446 62.5 10.16949152542373 20.833333333333336 0.0 43
22.222222222222218 74.99999999999999 15.25423728813559 12.500000000000002 0.0 44
22.222222222222218 74.99999999999999 10.16949152542373 4.166666666666667 0.0 46
11.111111111111121 50.00000000000001 5.084745762711865 4.166666666666667 0.0 2
8.333333333333329 50.00000000000001 6.779661016949151 4.166666666666667 0.0 47
27.77777777777778 70.83333333333334 8.47457627118644 4.166666666666667 0.0 48
13.88888888888889 58.333333333333336 10.16949152542373 4.166666666666667 0.0 11
19.444444444444446 54.16666666666666 6.779661016949151 4.166666666666667 0.0 49
8.333333333333329 45.83333333333334 8.47457627118644 4.166666666666667 0.0 3
19.444444444444446 66.66666666666667 6.779661016949151 4.166666666666667 0.0 4
22.222222222222218 62.5 6.779661016949151 4.166666666666667 0.0 0
41.666666666666664 83.33333333333334 3.3898305084745757 4.166666666666667 0.0 14
38.88888888888889 100.00000000000001 8.47457627118644 12.500000000000002 0.0 15
30.55555555555557 79.16666666666667 5.084745762711865 12.500000000000002 0.0 16
22.222222222222218 62.5 6.779661016949151 8.333333333333334 0.0 17
30.55555555555557 79.16666666666667 11.864406779661016 12.500000000000002 0.0 5
8.333333333333329 58.333333333333336 6.779661016949151 8.333333333333334 0.0 6
38.88888888888889 74.99999999999999 11.864406779661016 8.333333333333334 0.0 18
19.444444444444446 58.333333333333336 8.47457627118644 4.166666666666667 0.0 7
30.55555555555557 58.333333333333336 11.864406779661016 4.166666666666667 0.0 20
22.222222222222218 70.83333333333334 8.47457627118644 12.500000000000002 0.0 21
8.333333333333329 66.66666666666667 0.0 4.166666666666667 0.0 22
13.88888888888889 58.333333333333336 15.25423728813559 4.166666666666667 0.0 24
19.444444444444446 58.333333333333336 10.16949152542373 12.500000000000002 0.0 26
25.000000000000007 62.5 8.47457627118644 4.166666666666667 0.0 27
25.000000000000007 58.333333333333336 6.779661016949151 4.166666666666667 0.0 28
11.111111111111121 50.00000000000001 10.16949152542373 4.166666666666667 0.0 29
13.88888888888889 45.83333333333334 10.16949152542373 4.166666666666667 0.0 30
30.55555555555557 58.333333333333336 8.47457627118644 12.500000000000002 0.0 31
25.000000000000007 87.49999999999999 8.47457627118644 0.0 0.0 32
33.333333333333336 91.66666666666669 6.779661016949151 4.166666666666667 0.0 33
16.666666666666682 45.83333333333334 8.47457627118644 0.0 0.0 34
19.444444444444446 50.00000000000001 3.3898305084745757 4.166666666666667 0.0 35
33.333333333333336 62.5 5.084745762711865 4.166666666666667 0.0 36
16.666666666666682 45.83333333333334 8.47457627118644 0.0 0.0 37
16.666666666666682 45.83333333333334 8.47457627118644 0.0 0.0 9
22.222222222222218 58.333333333333336 8.47457627118644 4.166666666666667 0.0 39
19.444444444444446 62.5 5.084745762711865 8.333333333333334 0.0 40
3	38
44.44444444444446 41.66666666666667 69.4915254237288 70.83333333333334 0.0 149
47.22222222222223 41.66666666666667 64.40677966101694 70.83333333333334 0.0 138
58.33333333333335 45.83333333333334 76.27118644067797 70.83333333333334 0.0 137
49.99999999999999 25.000000000000004 77.96610169491524 54.16666666666666 0.0 134
55.55555555555556 33.33333333333333 69.4915254237288 58.333333333333336 0.0 133
49.99999999999999 41.66666666666667 66.10169491525424 70.83333333333334 0.0 127
52.777777777777786 33.33333333333333 64.40677966101694 70.83333333333334 0.0 126
55.55555555555556 29.166666666666675 66.10169491525424 70.83333333333334 0.0 123
61.111111111111114 41.66666666666667 76.27118644067797 70.83333333333334 0.0 116
55.55555555555556 37.49999999999999 77.96610169491524 70.83333333333334 0.0 103
52.777777777777786 37.49999999999999 55.932203389830505 50.0 0.0 97
38.88888888888889 37.49999999999999 54.23728813559322 50.0 0.0 96
49.99999999999999 41.66666666666667 61.01694915254236 54.16666666666666 0.0 91
36.1111111111111 41.66666666666667 52.54237288135592 50.0 0.0 88
66.66666666666667 45.83333333333334 62.711864406779654 58.333333333333336 0.0 86
47.22222222222223 58.333333333333336 59.32203389830508 62.5 0.0 85
30.55555555555557 41.66666666666667 59.32203389830508 58.333333333333336 0.0 84
47.22222222222223 29.166666666666675 69.4915254237288 62.5 0.0 83
47.22222222222223 37.49999999999999 59.32203389830508 58.333333333333336 0.0 78
66.66666666666667 41.66666666666667 67.79661016949152 66.66666666666667 0.0 77
69.44444444444444 33.33333333333333 64.40677966101694 54.16666666666666 0.0 76
63.88888888888888 41.66666666666667 57.6271186440678 54.16666666666666 0.0 75
49.99999999999999 33.33333333333333 62.711864406779654 45.83333333333333 0.0 73
55.55555555555556 20.833333333333336 66.10169491525424 58.333333333333336 0.0 72
49.99999999999999 33.33333333333333 50.847457627118644 50.0 0.0 71
44.44444444444446 50.00000000000001 64.40677966101694 70.83333333333334 0.0 70
36.1111111111111 41.66666666666667 59.32203389830508 58.333333333333336 0.0 66
66.66666666666667 45.83333333333334 57.6271186440678 54.16666666666666 0.0 65
49.99999999999999 37.49999999999999 62.711864406779654 54.16666666666666 0.0 63
44.44444444444446 41.66666666666667 54.23728813559322 58.333333333333336 0.0 61
63.88888888888888 37.49999999999999 61.01694915254236 50.0 0.0 58
55.55555555555556 54.16666666666666 62.711864406779654 62.5 0.0 56
38.88888888888889 33.33333333333333 59.32203389830508 50.0 0.0 55
61.111111111111114 33.33333333333333 61.01694915254236 58.333333333333336 0.0 54
72.22222222222224 45.83333333333334 66.10169491525424 58.333333333333336 0.0 52
58.33333333333335 50.00000000000001 59.32203389830508 58.333333333333336 0.0 51
75.0 50.00000000000001 62.711864406779654 54.16666666666666 0.0 50
58.33333333333335 37.49999999999999 55.932203389830505 50.0 0.0 74
4	6
41.666666666666664 29.166666666666675 49.152542372881356 45.83333333333333 0.0 82
38.88888888888889 33.33333333333333 52.54237288135592 50.0 0.0 99
38.88888888888889 41.66666666666667 54.23728813559322 45.83333333333333 0.0 95
41.666666666666664 25.000000000000004 50.847457627118644 45.83333333333333 0.0 92
36.1111111111111 37.49999999999999 44.06779661016949 50.0 0.0 64
41.666666666666664 29.166666666666675 52.54237288135592 37.5 0.0 67
5	9
16.666666666666682 16.666666666666664 38.98305084745762 37.5 0.0 57
33.333333333333336 16.666666666666664 47.45762711864406 41.66666666666667 0.0 80
47.22222222222223 8.333333333333341 50.847457627118644 37.5 0.0 62
33.333333333333336 16.666666666666664 45.762711864406775 37.5 0.0 81
36.1111111111111 20.833333333333336 49.152542372881356 41.66666666666667 0.0 69
38.88888888888889 25.000000000000004 42.3728813559322 37.5 0.0 79
19.444444444444446 12.499999999999993 38.98305084745762 37.5 0.0 93
22.222222222222218 20.833333333333336 33.89830508474576 41.66666666666667 0.0 98
19.444444444444446 0.0 42.3728813559322 37.5 0.0 60
6	8
25.000000000000007 29.166666666666675 49.152542372881356 54.16666666666666 0.0 59
16.666666666666682 20.833333333333336 59.32203389830508 66.66666666666667 0.0 106
36.1111111111111 29.166666666666675 54.23728813559322 50.0 0.0 94
33.333333333333336 12.499999999999993 50.847457627118644 50.0 0.0 53
52.777777777777786 8.333333333333341 59.32203389830508 58.333333333333336 0.0 68
33.333333333333336 25.000000000000004 57.6271186440678 45.83333333333333 0.0 90
55.55555555555556 12.499999999999993 57.6271186440678 50.0 0.0 87
33.333333333333336 20.833333333333336 50.847457627118644 50.0 0.0 89
7	6
94.44444444444446 74.99999999999999 96.61016949152541 87.5 0.0 117
80.55555555555557 41.66666666666667 81.35593220338983 62.5 0.0 129
80.55555555555557 50.00000000000001 84.7457627118644 70.83333333333334 0.0 125
94.44444444444446 41.66666666666667 86.44067796610167 91.66666666666666 0.0 135
100.00000000000001 74.99999999999999 91.52542372881355 79.16666666666667 0.0 131
91.66666666666667 41.66666666666667 94.91525423728812 83.33333333333334 0.0 105
8	9
58.33333333333335 29.166666666666675 72.88135593220339 74.99999999999999 0.0 111
41.666666666666664 29.166666666666675 69.4915254237288 74.99999999999999 0.0 142
55.55555555555556 20.833333333333336 67.79661016949152 74.99999999999999 0.0 146
41.666666666666664 29.166666666666675 69.4915254237288 74.99999999999999 0.0 101
66.66666666666667 20.833333333333336 81.35593220338983 70.83333333333334 0.0 108
38.88888888888889 20.833333333333336 67.79661016949152 79.16666666666667 0.0 113
41.666666666666664 33.33333333333333 69.4915254237288 95.83333333333333 0.0 114
47.22222222222223 8.333333333333341 67.79661016949152 58.333333333333336 0.0 119
36.1111111111111 33.33333333333333 66.10169491525424 79.16666666666667 0.0 121
9	4
94.44444444444446 25.000000000000004 100.0 91.66666666666666 0.0 118
94.44444444444446 33.33333333333333 96.61016949152541 79.16666666666667 0.0 122
83.33333333333333 37.49999999999999 89.83050847457626 70.83333333333334 0.0 107
86.11111111111113 33.33333333333333 86.44067796610167 74.99999999999999 0.0 130
10	20
69.44444444444444 41.66666666666667 76.27118644067797 83.33333333333334 0.0 112
61.111111111111114 50.00000000000001 69.4915254237288 79.16666666666667 0.0 110
80.55555555555557 66.66666666666667 86.44067796610167 100.0 0.0 109
66.66666666666667 54.16666666666666 79.66101694915254 83.33333333333334 0.0 124
58.33333333333335 50.00000000000001 72.88135593220339 91.66666666666666 0.0 115
58.33333333333335 33.33333333333333 77.96610169491524 83.33333333333334 0.0 128
61.111111111111114 41.66666666666667 81.35593220338983 87.5 0.0 104
77.77777777777777 41.66666666666667 83.05084745762713 83.33333333333334 0.0 102
66.66666666666667 45.83333333333334 77.96610169491524 95.83333333333333 0.0 140
55.55555555555556 54.16666666666666 84.7457627118644 100.0 0.0 100
58.33333333333335 33.33333333333333 77.96610169491524 87.5 0.0 132
52.777777777777786 58.333333333333336 74.57627118644068 91.66666666666666 0.0 148
61.111111111111114 41.66666666666667 71.1864406779661 79.16666666666667 0.0 147
66.66666666666667 41.66666666666667 71.1864406779661 91.66666666666666 0.0 145
66.66666666666667 54.16666666666666 79.66101694915254 100.0 0.0 144
55.55555555555556 58.333333333333336 77.96610169491524 95.83333333333333 0.0 136
72.22222222222224 45.83333333333334 74.57627118644068 83.33333333333334 0.0 139
72.22222222222224 50.00000000000001 79.66101694915254 91.66666666666666 0.0 120
72.22222222222224 45.83333333333334 69.4915254237288 91.66666666666666 0.0 141
69.44444444444444 50.00000000000001 83.05084745762713 91.66666666666666 0.0 143
