0	11
65.13888888888889 47.91666666666667 77.45762711864404 89.58333333333334 27.900506412672247 10
89.58333333333334 32.29166666666666 93.22033898305085 79.16666666666666 16.70367048037902 9
47.53086419753087 25.000000000000007 70.24482109227871 75.92592592592592 24.359106890403396 8
90.27777777777779 54.166666666666664 89.26553672316383 79.16666666666667 24.312779075524844 7
35.76388888888889 19.79166666666667 54.87288135593221 53.12499999999999 23.852896270805285 6
29.629629629629633 15.277777777777779 43.31450094161957 38.88888888888889 20.40585875532327 5
39.81481481481482 32.63888888888889 50.56497175141242 45.833333333333336 9.844908241649216 4
53.3625730994152 39.583333333333336 63.113291703835856 59.21052631578947 24.54153319084744 3
22.013888888888893 63.75 8.177966101694912 6.145833333333331 40.48816538965954 2
2.777777777777788 36.66666666666667 4.7457627118644075 4.166666666666667 24.682379297392853 1
17.22222222222222 44.16666666666667 8.47457627118644 6.666666666666667 15.378262284022362 0
